1
4
4
6
8
2
1
4
0
3
2
5
8
6
18
2
5
9
8
9
7
9
2
1
5
8
3
2
3
6
4
3
0
17
7
6
13
1
5
1
2
2
3
0
3
4
1
4
5
2
2
7
6
4
1
7
4
8
2
6
3
6
6
2
3
0
5
5
4
4
1
0
7
5
9
5
1
4
11
7
0
5
7
9
3
0
5
9
7
6
6
7
3
2
5
2
8
2
5
6
3
5
1
4
5
2
1
3
8
2
1
2
5
0
8
0
4
3
3
4
10
0
7
12
2
4
4
0
2
4
2
8
5
2
2
2
2
6
5
1
5
4
5
3
13
3
4
3
5
1
15
4
4
3
0
2
2
3
3
3
2
1
0
2
5
5
9
1
4
6
7
3
1
7
0
0
3
7
6
1
1
5
3
3
3
4
5
1
8
6
3
5
7
6
7
5
3
1
3
1
7
4
1
4
6
7
4
5
5
0
4
7
4
1
0
9
2
5
1
4
3
9
2
2
4
4
4
5
6
4
7
1
3
8
7
1
1
1
4
1
2
4
1
2
5
2
3
2
2
3
2
0
2
3
0
1
1
6
5
4
3
2
9
5
0
2
0
0
6
1
10
15
6
7
13
4
3
7
1
6
11
4
0
3
13
1
4
5
3
1
5
8
1
0
1
2
0
3
3
5
12
2
3
3
1
1
8
3
7
15
1
2
5
14
1
10
7
8
4
5
8
2
1
2
4
0
8
3
1
6
8
15
12
3
5
5
18
7
15
6
4
5
2
6
3
3
4
5
7
0
10
1
0
2
6
1
3
8
2
9
4
7
4
2
12
2
9
4
3
2
8
5
2
19
4
15
9
0
3
13
1
4
3
2
8
12
2
8
5
7
10
4
6
4
3
13
5
0
7
8
20
18
3
3
6
5
8
6
2
1
1
5
4
1
8
0
0
2
6
4
0
2
2
1
1
2
7
8
6
2
8
7
0
3
7
0
6
3
10
12
11
6
2
2
19
8
6
2
11
7
5
6
0
6
3
4
11
